
Dynamic Hard Clustering Parameters:
T: 5, K: 7, P: 2, Q: 3

PartitionedClusters:
--------------------
[0]: 21, 90, 91, 92, 94, 96, 97, 98, 99, 
100, 101, 110, 111, 112, 113, 115, 116, 118, 119, 
142, 144, 72, 77, 95, 103, 106, 107, 114, 117, 
66, 


[1]: 151, 160, 181, 182, 184, 185, 189, 190, 193, 
194, 195, 198, 199, 200, 201, 202, 205, 183, 192, 
187, 188, 206, 207, 208, 186, 191, 196, 197, 


[2]: 25, 125, 127, 130, 133, 134, 137, 139, 143, 
146, 147, 124, 141, 


[3]: 30, 31, 32, 33, 34, 35, 36, 37, 38, 
39, 40, 41, 42, 43, 44, 45, 46, 47, 49, 
50, 51, 52, 53, 54, 55, 56, 57, 58, 59, 
48, 


[4]: 153, 154, 155, 163, 171, 173, 174, 176, 150, 
152, 156, 157, 158, 159, 162, 164, 165, 166, 168, 
172, 175, 179, 161, 167, 169, 170, 177, 178, 104, 


[5]: 3, 4, 5, 6, 7, 8, 9, 10, 11, 
13, 14, 17, 20, 22, 23, 24, 26, 28, 29, 
60, 61, 62, 63, 64, 65, 68, 69, 70, 71, 
73, 74, 75, 76, 78, 79, 82, 85, 86, 88, 
89, 102, 105, 123, 128, 129, 131, 136, 140, 149, 
83, 87, 93, 67, 


[6]: 0, 1, 12, 15, 16, 19, 27, 80, 81, 
84, 109, 120, 121, 122, 126, 132, 135, 138, 145, 
148, 203, 204, 209, 18, 108, 180, 2, 




Prototypes:
-----------

[0]: 94, 97, 101, 

[1]: 183, 184, 201, 

[2]: 146, 137, 134, 

[3]: 59, 52, 57, 

[4]: 175, 166, 164, 

[5]: 129, 85, 64, 

[6]: 12, 1, 138, 


Dissimilarity Matrix Weights:
----------------------------

[0]:0.573130773159
[1]:1.74480248982

Ground Truth Clusters:
----------------------
BRICKFACE: 0, 1, 2, 3, 4, 5, 6, 7, 8, 
9, 10, 11, 12, 13, 14, 15, 16, 17, 18, 
19, 20, 21, 22, 23, 24, 25, 26, 27, 28, 
29, 


SKY: 30, 31, 32, 33, 34, 35, 36, 37, 38, 
39, 40, 41, 42, 43, 44, 45, 46, 47, 48, 
49, 50, 51, 52, 53, 54, 55, 56, 57, 58, 
59, 


FOLIAGE: 60, 61, 62, 63, 64, 65, 66, 67, 68, 
69, 70, 71, 72, 73, 74, 75, 76, 77, 78, 
79, 80, 81, 82, 83, 84, 85, 86, 87, 88, 
89, 


CEMENT: 90, 91, 92, 93, 94, 95, 96, 97, 98, 
99, 100, 101, 102, 103, 104, 105, 106, 107, 108, 
109, 110, 111, 112, 113, 114, 115, 116, 117, 118, 
119, 


WINDOW: 120, 121, 122, 123, 124, 125, 126, 127, 128, 
129, 130, 131, 132, 133, 134, 135, 136, 137, 138, 
139, 140, 141, 142, 143, 144, 145, 146, 147, 148, 
149, 


PATH: 150, 151, 152, 153, 154, 155, 156, 157, 158, 
159, 160, 161, 162, 163, 164, 165, 166, 167, 168, 
169, 170, 171, 172, 173, 174, 175, 176, 177, 178, 
179, 


GRASS: 180, 181, 182, 183, 184, 185, 186, 187, 188, 
189, 190, 191, 192, 193, 194, 195, 196, 197, 198, 
199, 200, 201, 202, 203, 204, 205, 206, 207, 208, 
209, 




Clusters Intersection ([rows]HardCluster x GroundTruth[columns]):
------------------

  Ground Truth
H 1     0     3     24    2     0     0     | 30
a 0     0     0     0     0     2     26    | 28
r 1     0     0     0     12    0     0     | 13
d 0     30    0     0     0     0     0     | 30
  0     0     0     1     0     28    0     | 29
  19    0     24    3     7     0     0     | 53
  9     0     3     2     9     0     4     | 27
  _____ _____ _____ _____ _____ _____ _____

  30    30    30    30    30    30    30   

Best rand index: 0.561809327913