Dynamic Hard Clustering Parameters:
T: 5, K: 7, P: 2, Q: 3

PartitionedClusters:
--------------------
[0]: 32, 35, 37, 38, 39, 40, 41, 47, 49,
50, 55, 56, 57, 58, 30, 31, 34, 36, 42,
43, 44, 45, 46, 51, 52, 53, 54, 59, 33,
48,


[1]: 152, 156, 159, 164, 165, 166, 167, 169, 172,
175, 178, 150, 153, 154, 155, 157, 158, 161, 162,
163, 168, 170, 171, 173, 174, 176, 177, 179, 104,


[2]: 66, 92, 94, 97, 98, 101, 107, 110, 113,
116, 118, 119, 21, 72, 77, 90, 91, 99, 100,
103, 106, 111, 112, 114, 115, 117, 142, 95, 96,


[3]: 151, 160, 181, 182, 183, 184, 185, 189, 190,
194, 195, 198, 199, 200, 201, 205, 193, 202, 187,
192, 206, 207, 208, 180, 186, 188, 191, 196, 197,
203, 209,


[4]: 3, 4, 5, 6, 7, 8, 9, 10, 11,
13, 14, 17, 20, 22, 23, 24, 26, 29, 60,
61, 62, 63, 64, 65, 69, 70, 71, 73, 74,
75, 76, 78, 79, 82, 85, 86, 89, 105, 123,
128, 129, 131, 136, 140, 149, 68, 83, 93,


[5]: 0, 1, 15, 16, 18, 27, 67, 87, 88,
108, 109, 120, 121, 122, 132, 135, 138, 204, 28,
102, 12, 25, 2, 19, 130, 144,


[6]: 80, 81, 84, 124, 125, 126, 127, 133, 134,
137, 139, 141, 143, 145, 146, 147, 148,




Prototypes:
-----------

[0]: 59, 52, 57,

[1]: 175, 166, 164,

[2]: 94, 97, 101,

[3]: 183, 184, 201,

[4]: 129, 85, 64,

[5]: 0, 16, 27,

[6]: 137, 134, 80,


Dissimilarity Matrix Weights:
----------------------------

[0]:0.573502099088
[1]:1.74367278095

Ground Truth Clusters:
----------------------
BRICKFACE: 0, 1, 2, 3, 4, 5, 6, 7, 8,
9, 10, 11, 12, 13, 14, 15, 16, 17, 18,
19, 20, 21, 22, 23, 24, 25, 26, 27, 28,
29,


SKY: 30, 31, 32, 33, 34, 35, 36, 37, 38,
39, 40, 41, 42, 43, 44, 45, 46, 47, 48,
49, 50, 51, 52, 53, 54, 55, 56, 57, 58,
59,


FOLIAGE: 60, 61, 62, 63, 64, 65, 66, 67, 68,
69, 70, 71, 72, 73, 74, 75, 76, 77, 78,
79, 80, 81, 82, 83, 84, 85, 86, 87, 88,
89,


CEMENT: 90, 91, 92, 93, 94, 95, 96, 97, 98,
99, 100, 101, 102, 103, 104, 105, 106, 107, 108,
109, 110, 111, 112, 113, 114, 115, 116, 117, 118,
119,


WINDOW: 120, 121, 122, 123, 124, 125, 126, 127, 128,
129, 130, 131, 132, 133, 134, 135, 136, 137, 138,
139, 140, 141, 142, 143, 144, 145, 146, 147, 148,
149,


PATH: 150, 151, 152, 153, 154, 155, 156, 157, 158,
159, 160, 161, 162, 163, 164, 165, 166, 167, 168,
169, 170, 171, 172, 173, 174, 175, 176, 177, 178,
179,


GRASS: 180, 181, 182, 183, 184, 185, 186, 187, 188,
189, 190, 191, 192, 193, 194, 195, 196, 197, 198,
199, 200, 201, 202, 203, 204, 205, 206, 207, 208,
209,



------------------

0 30 0 0 0 0 0 | 30
0 0 0 1 0 28 0 | 29
1 0 3 24 1 0 0 | 29
0 0 0 0 0 2 29 | 31
18 0 21 2 7 0 0 | 48
11 0 3 3 8 0 1 | 26
0 0 3 0 14 0 0 | 17
___ ___ ___ ___ ___ ___ ___

30 30 30 30 30 30 30

Best rand index:  0.592628492073